Move #0
1 9 2 3 
5 12 11 10 
13 6 0 8 
7 14 15 4 

Move #1
1 9 2 3 
5 12 11 10 
13 6 8 0 
7 14 15 4 

Move #2
1 9 2 3 
5 12 11 10 
13 6 8 4 
7 14 15 0 

Move #3
1 9 2 3 
5 12 11 10 
13 6 8 4 
7 14 0 15 

Move #4
1 9 2 3 
5 12 11 10 
13 6 8 4 
7 0 14 15 

Move #5
1 9 2 3 
5 12 11 10 
13 6 8 4 
0 7 14 15 

Move #6
1 9 2 3 
5 12 11 10 
0 6 8 4 
13 7 14 15 

Move #7
1 9 2 3 
5 12 11 10 
6 0 8 4 
13 7 14 15 

Move #8
1 9 2 3 
5 12 11 10 
6 8 0 4 
13 7 14 15 

Move #9
1 9 2 3 
5 12 0 10 
6 8 11 4 
13 7 14 15 

Move #10
1 9 2 3 
5 0 12 10 
6 8 11 4 
13 7 14 15 

Move #11
1 9 2 3 
5 8 12 10 
6 0 11 4 
13 7 14 15 

Move #12
1 9 2 3 
5 8 12 10 
6 7 11 4 
13 0 14 15 

Move #13
1 9 2 3 
5 8 12 10 
6 7 11 4 
13 14 0 15 

Move #14
1 9 2 3 
5 8 12 10 
6 7 0 4 
13 14 11 15 

Move #15
1 9 2 3 
5 8 0 10 
6 7 12 4 
13 14 11 15 

Move #16
1 9 2 3 
5 8 10 0 
6 7 12 4 
13 14 11 15 

Move #17
1 9 2 3 
5 8 10 4 
6 7 12 0 
13 14 11 15 

Move #18
1 9 2 3 
5 8 10 4 
6 7 0 12 
13 14 11 15 

Move #19
1 9 2 3 
5 8 0 4 
6 7 10 12 
13 14 11 15 

Move #20
1 9 2 3 
5 0 8 4 
6 7 10 12 
13 14 11 15 

Move #21
1 0 2 3 
5 9 8 4 
6 7 10 12 
13 14 11 15 

Move #22
0 1 2 3 
5 9 8 4 
6 7 10 12 
13 14 11 15 

Move #23
5 1 2 3 
0 9 8 4 
6 7 10 12 
13 14 11 15 

Move #24
5 1 2 3 
9 0 8 4 
6 7 10 12 
13 14 11 15 

Move #25
5 1 2 3 
9 7 8 4 
6 0 10 12 
13 14 11 15 

Move #26
5 1 2 3 
9 7 8 4 
0 6 10 12 
13 14 11 15 

Move #27
5 1 2 3 
0 7 8 4 
9 6 10 12 
13 14 11 15 

Move #28
0 1 2 3 
5 7 8 4 
9 6 10 12 
13 14 11 15 

Move #29
1 0 2 3 
5 7 8 4 
9 6 10 12 
13 14 11 15 

Move #30
1 2 0 3 
5 7 8 4 
9 6 10 12 
13 14 11 15 

Move #31
1 2 3 0 
5 7 8 4 
9 6 10 12 
13 14 11 15 

Move #32
1 2 3 4 
5 7 8 0 
9 6 10 12 
13 14 11 15 

Move #33
1 2 3 4 
5 7 0 8 
9 6 10 12 
13 14 11 15 

Move #34
1 2 3 4 
5 0 7 8 
9 6 10 12 
13 14 11 15 

Move #35
1 2 3 4 
5 6 7 8 
9 0 10 12 
13 14 11 15 

Move #36
1 2 3 4 
5 6 7 8 
9 10 0 12 
13 14 11 15 

Move #37
1 2 3 4 
5 6 7 8 
9 10 11 12 
13 14 0 15 

Move #38
1 2 3 4 
5 6 7 8 
9 10 11 12 
13 14 15 0 

Total number of moves: 38
Solving time: 1112 ms      /      1.112 Sec
