Move #0
5 3 9 11 
7 10 15 4 
2 14 12 1 
6 13 8 0 

Move #1
5 3 9 11 
7 10 15 4 
2 14 12 1 
6 13 0 8 

Move #2
5 3 9 11 
7 10 15 4 
2 14 0 1 
6 13 12 8 

Move #3
5 3 9 11 
7 10 0 4 
2 14 15 1 
6 13 12 8 

Move #4
5 3 0 11 
7 10 9 4 
2 14 15 1 
6 13 12 8 

Move #5
5 3 11 0 
7 10 9 4 
2 14 15 1 
6 13 12 8 

Move #6
5 3 11 4 
7 10 9 0 
2 14 15 1 
6 13 12 8 

Move #7
5 3 11 4 
7 10 9 1 
2 14 15 0 
6 13 12 8 

Move #8
5 3 11 4 
7 10 9 1 
2 14 15 8 
6 13 12 0 

Move #9
5 3 11 4 
7 10 9 1 
2 14 15 8 
6 13 0 12 

Move #10
5 3 11 4 
7 10 9 1 
2 14 0 8 
6 13 15 12 

Move #11
5 3 11 4 
7 10 0 1 
2 14 9 8 
6 13 15 12 

Move #12
5 3 11 4 
7 0 10 1 
2 14 9 8 
6 13 15 12 

Move #13
5 3 11 4 
0 7 10 1 
2 14 9 8 
6 13 15 12 

Move #14
5 3 11 4 
2 7 10 1 
0 14 9 8 
6 13 15 12 

Move #15
5 3 11 4 
2 7 10 1 
6 14 9 8 
0 13 15 12 

Move #16
5 3 11 4 
2 7 10 1 
6 14 9 8 
13 0 15 12 

Move #17
5 3 11 4 
2 7 10 1 
6 0 9 8 
13 14 15 12 

Move #18
5 3 11 4 
2 7 10 1 
6 9 0 8 
13 14 15 12 

Move #19
5 3 11 4 
2 7 0 1 
6 9 10 8 
13 14 15 12 

Move #20
5 3 0 4 
2 7 11 1 
6 9 10 8 
13 14 15 12 

Move #21
5 0 3 4 
2 7 11 1 
6 9 10 8 
13 14 15 12 

Move #22
5 7 3 4 
2 0 11 1 
6 9 10 8 
13 14 15 12 

Move #23
5 7 3 4 
0 2 11 1 
6 9 10 8 
13 14 15 12 

Move #24
5 7 3 4 
6 2 11 1 
0 9 10 8 
13 14 15 12 

Move #25
5 7 3 4 
6 2 11 1 
9 0 10 8 
13 14 15 12 

Move #26
5 7 3 4 
6 2 11 1 
9 10 0 8 
13 14 15 12 

Move #27
5 7 3 4 
6 2 0 1 
9 10 11 8 
13 14 15 12 

Move #28
5 7 3 4 
6 2 1 0 
9 10 11 8 
13 14 15 12 

Move #29
5 7 3 0 
6 2 1 4 
9 10 11 8 
13 14 15 12 

Move #30
5 7 0 3 
6 2 1 4 
9 10 11 8 
13 14 15 12 

Move #31
5 0 7 3 
6 2 1 4 
9 10 11 8 
13 14 15 12 

Move #32
5 2 7 3 
6 0 1 4 
9 10 11 8 
13 14 15 12 

Move #33
5 2 7 3 
6 1 0 4 
9 10 11 8 
13 14 15 12 

Move #34
5 2 0 3 
6 1 7 4 
9 10 11 8 
13 14 15 12 

Move #35
5 0 2 3 
6 1 7 4 
9 10 11 8 
13 14 15 12 

Move #36
5 1 2 3 
6 0 7 4 
9 10 11 8 
13 14 15 12 

Move #37
5 1 2 3 
0 6 7 4 
9 10 11 8 
13 14 15 12 

Move #38
0 1 2 3 
5 6 7 4 
9 10 11 8 
13 14 15 12 

Move #39
1 0 2 3 
5 6 7 4 
9 10 11 8 
13 14 15 12 

Move #40
1 2 0 3 
5 6 7 4 
9 10 11 8 
13 14 15 12 

Move #41
1 2 3 0 
5 6 7 4 
9 10 11 8 
13 14 15 12 

Move #42
1 2 3 4 
5 6 7 0 
9 10 11 8 
13 14 15 12 

Move #43
1 2 3 4 
5 6 7 8 
9 10 11 0 
13 14 15 12 

Move #44
1 2 3 4 
5 6 7 8 
9 10 11 12 
13 14 15 0 

Total number of moves: 44
Solving time: 351 ms      /      0.351 Sec
