Move #0
7 5 0 15 
13 10 4 3 
8 2 14 11 
1 9 6 12 

Move #1
7 5 15 0 
13 10 4 3 
8 2 14 11 
1 9 6 12 

Move #2
7 5 15 3 
13 10 4 0 
8 2 14 11 
1 9 6 12 

Move #3
7 5 15 3 
13 10 0 4 
8 2 14 11 
1 9 6 12 

Move #4
7 5 15 3 
13 0 10 4 
8 2 14 11 
1 9 6 12 

Move #5
7 5 15 3 
0 13 10 4 
8 2 14 11 
1 9 6 12 

Move #6
7 5 15 3 
8 13 10 4 
0 2 14 11 
1 9 6 12 

Move #7
7 5 15 3 
8 13 10 4 
2 0 14 11 
1 9 6 12 

Move #8
7 5 15 3 
8 0 10 4 
2 13 14 11 
1 9 6 12 

Move #9
7 5 15 3 
0 8 10 4 
2 13 14 11 
1 9 6 12 

Move #10
7 5 15 3 
2 8 10 4 
0 13 14 11 
1 9 6 12 

Move #11
7 5 15 3 
2 8 10 4 
1 13 14 11 
0 9 6 12 

Move #12
7 5 15 3 
2 8 10 4 
1 13 14 11 
9 0 6 12 

Move #13
7 5 15 3 
2 8 10 4 
1 0 14 11 
9 13 6 12 

Move #14
7 5 15 3 
2 0 10 4 
1 8 14 11 
9 13 6 12 

Move #15
7 5 15 3 
2 10 0 4 
1 8 14 11 
9 13 6 12 

Move #16
7 5 0 3 
2 10 15 4 
1 8 14 11 
9 13 6 12 

Move #17
7 0 5 3 
2 10 15 4 
1 8 14 11 
9 13 6 12 

Move #18
0 7 5 3 
2 10 15 4 
1 8 14 11 
9 13 6 12 

Move #19
2 7 5 3 
0 10 15 4 
1 8 14 11 
9 13 6 12 

Move #20
2 7 5 3 
1 10 15 4 
0 8 14 11 
9 13 6 12 

Move #21
2 7 5 3 
1 10 15 4 
9 8 14 11 
0 13 6 12 

Move #22
2 7 5 3 
1 10 15 4 
9 8 14 11 
13 0 6 12 

Move #23
2 7 5 3 
1 10 15 4 
9 8 14 11 
13 6 0 12 

Move #24
2 7 5 3 
1 10 15 4 
9 8 0 11 
13 6 14 12 

Move #25
2 7 5 3 
1 10 0 4 
9 8 15 11 
13 6 14 12 

Move #26
2 7 5 3 
1 0 10 4 
9 8 15 11 
13 6 14 12 

Move #27
2 7 5 3 
1 8 10 4 
9 0 15 11 
13 6 14 12 

Move #28
2 7 5 3 
1 8 10 4 
9 6 15 11 
13 0 14 12 

Move #29
2 7 5 3 
1 8 10 4 
9 6 15 11 
13 14 0 12 

Move #30
2 7 5 3 
1 8 10 4 
9 6 0 11 
13 14 15 12 

Move #31
2 7 5 3 
1 8 0 4 
9 6 10 11 
13 14 15 12 

Move #32
2 7 5 3 
1 0 8 4 
9 6 10 11 
13 14 15 12 

Move #33
2 0 5 3 
1 7 8 4 
9 6 10 11 
13 14 15 12 

Move #34
2 5 0 3 
1 7 8 4 
9 6 10 11 
13 14 15 12 

Move #35
2 5 3 0 
1 7 8 4 
9 6 10 11 
13 14 15 12 

Move #36
2 5 3 4 
1 7 8 0 
9 6 10 11 
13 14 15 12 

Move #37
2 5 3 4 
1 7 0 8 
9 6 10 11 
13 14 15 12 

Move #38
2 5 3 4 
1 0 7 8 
9 6 10 11 
13 14 15 12 

Move #39
2 0 3 4 
1 5 7 8 
9 6 10 11 
13 14 15 12 

Move #40
0 2 3 4 
1 5 7 8 
9 6 10 11 
13 14 15 12 

Move #41
1 2 3 4 
0 5 7 8 
9 6 10 11 
13 14 15 12 

Move #42
1 2 3 4 
5 0 7 8 
9 6 10 11 
13 14 15 12 

Move #43
1 2 3 4 
5 6 7 8 
9 0 10 11 
13 14 15 12 

Move #44
1 2 3 4 
5 6 7 8 
9 10 0 11 
13 14 15 12 

Move #45
1 2 3 4 
5 6 7 8 
9 10 11 0 
13 14 15 12 

Total number of moves: 45
Solving time: 2467 ms      /      2.467 Sec
f moves: 46
Solving time: 3021 ms      /      3.021 Sec
