Move #0
8 5 7 12 
9 15 6 3 
1 0 4 2 
13 14 10 11 

Move #1
8 5 7 12 
9 15 6 3 
0 1 4 2 
13 14 10 11 

Move #2
8 5 7 12 
0 15 6 3 
9 1 4 2 
13 14 10 11 

Move #3
0 5 7 12 
8 15 6 3 
9 1 4 2 
13 14 10 11 

Move #4
5 0 7 12 
8 15 6 3 
9 1 4 2 
13 14 10 11 

Move #5
5 7 0 12 
8 15 6 3 
9 1 4 2 
13 14 10 11 

Move #6
5 7 6 12 
8 15 0 3 
9 1 4 2 
13 14 10 11 

Move #7
5 7 6 12 
8 0 15 3 
9 1 4 2 
13 14 10 11 

Move #8
5 7 6 12 
8 1 15 3 
9 0 4 2 
13 14 10 11 

Move #9
5 7 6 12 
8 1 15 3 
9 4 0 2 
13 14 10 11 

Move #10
5 7 6 12 
8 1 0 3 
9 4 15 2 
13 14 10 11 

Move #11
5 7 0 12 
8 1 6 3 
9 4 15 2 
13 14 10 11 

Move #12
5 0 7 12 
8 1 6 3 
9 4 15 2 
13 14 10 11 

Move #13
5 1 7 12 
8 0 6 3 
9 4 15 2 
13 14 10 11 

Move #14
5 1 7 12 
8 6 0 3 
9 4 15 2 
13 14 10 11 

Move #15
5 1 7 12 
8 6 3 0 
9 4 15 2 
13 14 10 11 

Move #16
5 1 7 12 
8 6 3 2 
9 4 15 0 
13 14 10 11 

Move #17
5 1 7 12 
8 6 3 2 
9 4 0 15 
13 14 10 11 

Move #18
5 1 7 12 
8 6 3 2 
9 0 4 15 
13 14 10 11 

Move #19
5 1 7 12 
8 0 3 2 
9 6 4 15 
13 14 10 11 

Move #20
5 1 7 12 
0 8 3 2 
9 6 4 15 
13 14 10 11 

Move #21
0 1 7 12 
5 8 3 2 
9 6 4 15 
13 14 10 11 

Move #22
1 0 7 12 
5 8 3 2 
9 6 4 15 
13 14 10 11 

Move #23
1 7 0 12 
5 8 3 2 
9 6 4 15 
13 14 10 11 

Move #24
1 7 3 12 
5 8 0 2 
9 6 4 15 
13 14 10 11 

Move #25
1 7 3 12 
5 8 2 0 
9 6 4 15 
13 14 10 11 

Move #26
1 7 3 0 
5 8 2 12 
9 6 4 15 
13 14 10 11 

Move #27
1 7 0 3 
5 8 2 12 
9 6 4 15 
13 14 10 11 

Move #28
1 7 2 3 
5 8 0 12 
9 6 4 15 
13 14 10 11 

Move #29
1 7 2 3 
5 8 4 12 
9 6 0 15 
13 14 10 11 

Move #30
1 7 2 3 
5 8 4 12 
9 6 10 15 
13 14 0 11 

Move #31
1 7 2 3 
5 8 4 12 
9 6 10 15 
13 14 11 0 

Move #32
1 7 2 3 
5 8 4 12 
9 6 10 0 
13 14 11 15 

Move #33
1 7 2 3 
5 8 4 0 
9 6 10 12 
13 14 11 15 

Move #34
1 7 2 3 
5 8 0 4 
9 6 10 12 
13 14 11 15 

Move #35
1 7 2 3 
5 0 8 4 
9 6 10 12 
13 14 11 15 

Move #36
1 0 2 3 
5 7 8 4 
9 6 10 12 
13 14 11 15 

Move #37
1 2 0 3 
5 7 8 4 
9 6 10 12 
13 14 11 15 

Move #38
1 2 3 0 
5 7 8 4 
9 6 10 12 
13 14 11 15 

Move #39
1 2 3 4 
5 7 8 0 
9 6 10 12 
13 14 11 15 

Move #40
1 2 3 4 
5 7 0 8 
9 6 10 12 
13 14 11 15 

Move #41
1 2 3 4 
5 0 7 8 
9 6 10 12 
13 14 11 15 

Move #42
1 2 3 4 
5 6 7 8 
9 0 10 12 
13 14 11 15 

Move #43
1 2 3 4 
5 6 7 8 
9 10 0 12 
13 14 11 15 

Move #44
1 2 3 4 
5 6 7 8 
9 10 11 12 
13 14 0 15 

Total number of moves: 44
Solving time: 14321 ms      /      14.321 Sec
moves: 45
Solving time: 17625 ms      /      17.625 Sec
