Move #0
1 2 8 3 4 
6 7 0 10 5 
11 12 14 9 15 
16 17 13 18 20 
21 22 23 19 24 

Move #1
1 2 0 3 4 
6 7 8 10 5 
11 12 14 9 15 
16 17 13 18 20 
21 22 23 19 24 

Move #2
1 2 3 0 4 
6 7 8 10 5 
11 12 14 9 15 
16 17 13 18 20 
21 22 23 19 24 

Move #3
1 2 3 4 0 
6 7 8 10 5 
11 12 14 9 15 
16 17 13 18 20 
21 22 23 19 24 

Move #4
1 2 3 4 5 
6 7 8 10 0 
11 12 14 9 15 
16 17 13 18 20 
21 22 23 19 24 

Move #5
1 2 3 4 5 
6 7 8 0 10 
11 12 14 9 15 
16 17 13 18 20 
21 22 23 19 24 

Move #6
1 2 3 4 5 
6 7 8 9 10 
11 12 14 0 15 
16 17 13 18 20 
21 22 23 19 24 

Move #7
1 2 3 4 5 
6 7 8 9 10 
11 12 0 14 15 
16 17 13 18 20 
21 22 23 19 24 

Move #8
1 2 3 4 5 
6 7 8 9 10 
11 12 13 14 15 
16 17 0 18 20 
21 22 23 19 24 

Move #9
1 2 3 4 5 
6 7 8 9 10 
11 12 13 14 15 
16 17 18 0 20 
21 22 23 19 24 

Move #10
1 2 3 4 5 
6 7 8 9 10 
11 12 13 14 15 
16 17 18 19 20 
21 22 23 0 24 

Total number of moves: 10
Solving time: 3 ms      /      0.003 Sec
21 22 23 24 0 

Total number of moves: 11
Solving time: 3 ms      /      0.003 Sec
