Move #0
0 1 2 3 4 
7 8 9 10 5 
6 11 12 13 14 
17 18 19 20 15 
16 21 22 23 24 

Move #1
1 0 2 3 4 
7 8 9 10 5 
6 11 12 13 14 
17 18 19 20 15 
16 21 22 23 24 

Move #2
1 2 0 3 4 
7 8 9 10 5 
6 11 12 13 14 
17 18 19 20 15 
16 21 22 23 24 

Move #3
1 2 3 0 4 
7 8 9 10 5 
6 11 12 13 14 
17 18 19 20 15 
16 21 22 23 24 

Move #4
1 2 3 4 0 
7 8 9 10 5 
6 11 12 13 14 
17 18 19 20 15 
16 21 22 23 24 

Move #5
1 2 3 4 5 
7 8 9 10 0 
6 11 12 13 14 
17 18 19 20 15 
16 21 22 23 24 

Move #6
1 2 3 4 5 
7 8 9 0 10 
6 11 12 13 14 
17 18 19 20 15 
16 21 22 23 24 

Move #7
1 2 3 4 5 
7 8 0 9 10 
6 11 12 13 14 
17 18 19 20 15 
16 21 22 23 24 

Move #8
1 2 3 4 5 
7 0 8 9 10 
6 11 12 13 14 
17 18 19 20 15 
16 21 22 23 24 

Move #9
1 2 3 4 5 
0 7 8 9 10 
6 11 12 13 14 
17 18 19 20 15 
16 21 22 23 24 

Move #10
1 2 3 4 5 
6 7 8 9 10 
0 11 12 13 14 
17 18 19 20 15 
16 21 22 23 24 

Move #11
1 2 3 4 5 
6 7 8 9 10 
11 0 12 13 14 
17 18 19 20 15 
16 21 22 23 24 

Move #12
1 2 3 4 5 
6 7 8 9 10 
11 12 0 13 14 
17 18 19 20 15 
16 21 22 23 24 

Move #13
1 2 3 4 5 
6 7 8 9 10 
11 12 13 0 14 
17 18 19 20 15 
16 21 22 23 24 

Move #14
1 2 3 4 5 
6 7 8 9 10 
11 12 13 14 0 
17 18 19 20 15 
16 21 22 23 24 

Move #15
1 2 3 4 5 
6 7 8 9 10 
11 12 13 14 15 
17 18 19 20 0 
16 21 22 23 24 

Move #16
1 2 3 4 5 
6 7 8 9 10 
11 12 13 14 15 
17 18 19 0 20 
16 21 22 23 24 

Move #17
1 2 3 4 5 
6 7 8 9 10 
11 12 13 14 15 
17 18 0 19 20 
16 21 22 23 24 

Move #18
1 2 3 4 5 
6 7 8 9 10 
11 12 13 14 15 
17 0 18 19 20 
16 21 22 23 24 

Move #19
1 2 3 4 5 
6 7 8 9 10 
11 12 13 14 15 
0 17 18 19 20 
16 21 22 23 24 

Move #20
1 2 3 4 5 
6 7 8 9 10 
11 12 13 14 15 
16 17 18 19 20 
0 21 22 23 24 

Move #21
1 2 3 4 5 
6 7 8 9 10 
11 12 13 14 15 
16 17 18 19 20 
21 0 22 23 24 

Move #22
1 2 3 4 5 
6 7 8 9 10 
11 12 13 14 15 
16 17 18 19 20 
21 22 0 23 24 

Move #23
1 2 3 4 5 
6 7 8 9 10 
11 12 13 14 15 
16 17 18 19 20 
21 22 23 0 24 

Total number of moves: 23
Solving time: 3 ms      /      0.003 Sec
21 22 23 24 0 

Total number of moves: 24
Solving time: 3 ms      /      0.003 Sec
