Move #0
2 3 4 5 6 7 8 9 10 20 
1 11 13 14 15 16 17 28 18 30 
21 12 22 24 25 26 27 38 0 19 
31 32 23 33 35 36 37 39 40 29 
41 42 43 34 44 46 47 48 49 50 
51 52 53 54 45 55 57 58 59 60 
61 62 63 64 65 56 66 68 69 70 
71 72 73 74 75 76 67 77 79 80 
81 82 83 84 85 86 87 78 88 90 
91 92 93 94 95 96 97 98 89 99 

Move #1
2 3 4 5 6 7 8 9 10 20 
1 11 13 14 15 16 17 28 18 30 
21 12 22 24 25 26 27 38 19 0 
31 32 23 33 35 36 37 39 40 29 
41 42 43 34 44 46 47 48 49 50 
51 52 53 54 45 55 57 58 59 60 
61 62 63 64 65 56 66 68 69 70 
71 72 73 74 75 76 67 77 79 80 
81 82 83 84 85 86 87 78 88 90 
91 92 93 94 95 96 97 98 89 99 

Move #2
2 3 4 5 6 7 8 9 10 20 
1 11 13 14 15 16 17 28 18 30 
21 12 22 24 25 26 27 38 19 29 
31 32 23 33 35 36 37 39 40 0 
41 42 43 34 44 46 47 48 49 50 
51 52 53 54 45 55 57 58 59 60 
61 62 63 64 65 56 66 68 69 70 
71 72 73 74 75 76 67 77 79 80 
81 82 83 84 85 86 87 78 88 90 
91 92 93 94 95 96 97 98 89 99 

Move #3
2 3 4 5 6 7 8 9 10 20 
1 11 13 14 15 16 17 28 18 30 
21 12 22 24 25 26 27 38 19 29 
31 32 23 33 35 36 37 39 0 40 
41 42 43 34 44 46 47 48 49 50 
51 52 53 54 45 55 57 58 59 60 
61 62 63 64 65 56 66 68 69 70 
71 72 73 74 75 76 67 77 79 80 
81 82 83 84 85 86 87 78 88 90 
91 92 93 94 95 96 97 98 89 99 

Move #4
2 3 4 5 6 7 8 9 10 20 
1 11 13 14 15 16 17 28 18 30 
21 12 22 24 25 26 27 38 19 29 
31 32 23 33 35 36 37 0 39 40 
41 42 43 34 44 46 47 48 49 50 
51 52 53 54 45 55 57 58 59 60 
61 62 63 64 65 56 66 68 69 70 
71 72 73 74 75 76 67 77 79 80 
81 82 83 84 85 86 87 78 88 90 
91 92 93 94 95 96 97 98 89 99 

Move #5
2 3 4 5 6 7 8 9 10 20 
1 11 13 14 15 16 17 28 18 30 
21 12 22 24 25 26 27 0 19 29 
31 32 23 33 35 36 37 38 39 40 
41 42 43 34 44 46 47 48 49 50 
51 52 53 54 45 55 57 58 59 60 
61 62 63 64 65 56 66 68 69 70 
71 72 73 74 75 76 67 77 79 80 
81 82 83 84 85 86 87 78 88 90 
91 92 93 94 95 96 97 98 89 99 

Move #6
2 3 4 5 6 7 8 9 10 20 
1 11 13 14 15 16 17 0 18 30 
21 12 22 24 25 26 27 28 19 29 
31 32 23 33 35 36 37 38 39 40 
41 42 43 34 44 46 47 48 49 50 
51 52 53 54 45 55 57 58 59 60 
61 62 63 64 65 56 66 68 69 70 
71 72 73 74 75 76 67 77 79 80 
81 82 83 84 85 86 87 78 88 90 
91 92 93 94 95 96 97 98 89 99 

Move #7
2 3 4 5 6 7 8 9 10 20 
1 11 13 14 15 16 17 18 0 30 
21 12 22 24 25 26 27 28 19 29 
31 32 23 33 35 36 37 38 39 40 
41 42 43 34 44 46 47 48 49 50 
51 52 53 54 45 55 57 58 59 60 
61 62 63 64 65 56 66 68 69 70 
71 72 73 74 75 76 67 77 79 80 
81 82 83 84 85 86 87 78 88 90 
91 92 93 94 95 96 97 98 89 99 

Move #8
2 3 4 5 6 7 8 9 10 20 
1 11 13 14 15 16 17 18 19 30 
21 12 22 24 25 26 27 28 0 29 
31 32 23 33 35 36 37 38 39 40 
41 42 43 34 44 46 47 48 49 50 
51 52 53 54 45 55 57 58 59 60 
61 62 63 64 65 56 66 68 69 70 
71 72 73 74 75 76 67 77 79 80 
81 82 83 84 85 86 87 78 88 90 
91 92 93 94 95 96 97 98 89 99 

Move #9
2 3 4 5 6 7 8 9 10 20 
1 11 13 14 15 16 17 18 19 30 
21 12 22 24 25 26 27 28 29 0 
31 32 23 33 35 36 37 38 39 40 
41 42 43 34 44 46 47 48 49 50 
51 52 53 54 45 55 57 58 59 60 
61 62 63 64 65 56 66 68 69 70 
71 72 73 74 75 76 67 77 79 80 
81 82 83 84 85 86 87 78 88 90 
91 92 93 94 95 96 97 98 89 99 

Move #10
2 3 4 5 6 7 8 9 10 20 
1 11 13 14 15 16 17 18 19 0 
21 12 22 24 25 26 27 28 29 30 
31 32 23 33 35 36 37 38 39 40 
41 42 43 34 44 46 47 48 49 50 
51 52 53 54 45 55 57 58 59 60 
61 62 63 64 65 56 66 68 69 70 
71 72 73 74 75 76 67 77 79 80 
81 82 83 84 85 86 87 78 88 90 
91 92 93 94 95 96 97 98 89 99 

Move #11
2 3 4 5 6 7 8 9 10 0 
1 11 13 14 15 16 17 18 19 20 
21 12 22 24 25 26 27 28 29 30 
31 32 23 33 35 36 37 38 39 40 
41 42 43 34 44 46 47 48 49 50 
51 52 53 54 45 55 57 58 59 60 
61 62 63 64 65 56 66 68 69 70 
71 72 73 74 75 76 67 77 79 80 
81 82 83 84 85 86 87 78 88 90 
91 92 93 94 95 96 97 98 89 99 

Move #12
2 3 4 5 6 7 8 9 0 10 
1 11 13 14 15 16 17 18 19 20 
21 12 22 24 25 26 27 28 29 30 
31 32 23 33 35 36 37 38 39 40 
41 42 43 34 44 46 47 48 49 50 
51 52 53 54 45 55 57 58 59 60 
61 62 63 64 65 56 66 68 69 70 
71 72 73 74 75 76 67 77 79 80 
81 82 83 84 85 86 87 78 88 90 
91 92 93 94 95 96 97 98 89 99 

Move #13
2 3 4 5 6 7 8 0 9 10 
1 11 13 14 15 16 17 18 19 20 
21 12 22 24 25 26 27 28 29 30 
31 32 23 33 35 36 37 38 39 40 
41 42 43 34 44 46 47 48 49 50 
51 52 53 54 45 55 57 58 59 60 
61 62 63 64 65 56 66 68 69 70 
71 72 73 74 75 76 67 77 79 80 
81 82 83 84 85 86 87 78 88 90 
91 92 93 94 95 96 97 98 89 99 

Move #14
2 3 4 5 6 7 0 8 9 10 
1 11 13 14 15 16 17 18 19 20 
21 12 22 24 25 26 27 28 29 30 
31 32 23 33 35 36 37 38 39 40 
41 42 43 34 44 46 47 48 49 50 
51 52 53 54 45 55 57 58 59 60 
61 62 63 64 65 56 66 68 69 70 
71 72 73 74 75 76 67 77 79 80 
81 82 83 84 85 86 87 78 88 90 
91 92 93 94 95 96 97 98 89 99 

Move #15
2 3 4 5 6 0 7 8 9 10 
1 11 13 14 15 16 17 18 19 20 
21 12 22 24 25 26 27 28 29 30 
31 32 23 33 35 36 37 38 39 40 
41 42 43 34 44 46 47 48 49 50 
51 52 53 54 45 55 57 58 59 60 
61 62 63 64 65 56 66 68 69 70 
71 72 73 74 75 76 67 77 79 80 
81 82 83 84 85 86 87 78 88 90 
91 92 93 94 95 96 97 98 89 99 

Move #16
2 3 4 5 0 6 7 8 9 10 
1 11 13 14 15 16 17 18 19 20 
21 12 22 24 25 26 27 28 29 30 
31 32 23 33 35 36 37 38 39 40 
41 42 43 34 44 46 47 48 49 50 
51 52 53 54 45 55 57 58 59 60 
61 62 63 64 65 56 66 68 69 70 
71 72 73 74 75 76 67 77 79 80 
81 82 83 84 85 86 87 78 88 90 
91 92 93 94 95 96 97 98 89 99 

Move #17
2 3 4 0 5 6 7 8 9 10 
1 11 13 14 15 16 17 18 19 20 
21 12 22 24 25 26 27 28 29 30 
31 32 23 33 35 36 37 38 39 40 
41 42 43 34 44 46 47 48 49 50 
51 52 53 54 45 55 57 58 59 60 
61 62 63 64 65 56 66 68 69 70 
71 72 73 74 75 76 67 77 79 80 
81 82 83 84 85 86 87 78 88 90 
91 92 93 94 95 96 97 98 89 99 

Move #18
2 3 0 4 5 6 7 8 9 10 
1 11 13 14 15 16 17 18 19 20 
21 12 22 24 25 26 27 28 29 30 
31 32 23 33 35 36 37 38 39 40 
41 42 43 34 44 46 47 48 49 50 
51 52 53 54 45 55 57 58 59 60 
61 62 63 64 65 56 66 68 69 70 
71 72 73 74 75 76 67 77 79 80 
81 82 83 84 85 86 87 78 88 90 
91 92 93 94 95 96 97 98 89 99 

Move #19
2 0 3 4 5 6 7 8 9 10 
1 11 13 14 15 16 17 18 19 20 
21 12 22 24 25 26 27 28 29 30 
31 32 23 33 35 36 37 38 39 40 
41 42 43 34 44 46 47 48 49 50 
51 52 53 54 45 55 57 58 59 60 
61 62 63 64 65 56 66 68 69 70 
71 72 73 74 75 76 67 77 79 80 
81 82 83 84 85 86 87 78 88 90 
91 92 93 94 95 96 97 98 89 99 

Move #20
0 2 3 4 5 6 7 8 9 10 
1 11 13 14 15 16 17 18 19 20 
21 12 22 24 25 26 27 28 29 30 
31 32 23 33 35 36 37 38 39 40 
41 42 43 34 44 46 47 48 49 50 
51 52 53 54 45 55 57 58 59 60 
61 62 63 64 65 56 66 68 69 70 
71 72 73 74 75 76 67 77 79 80 
81 82 83 84 85 86 87 78 88 90 
91 92 93 94 95 96 97 98 89 99 

Move #21
1 2 3 4 5 6 7 8 9 10 
0 11 13 14 15 16 17 18 19 20 
21 12 22 24 25 26 27 28 29 30 
31 32 23 33 35 36 37 38 39 40 
41 42 43 34 44 46 47 48 49 50 
51 52 53 54 45 55 57 58 59 60 
61 62 63 64 65 56 66 68 69 70 
71 72 73 74 75 76 67 77 79 80 
81 82 83 84 85 86 87 78 88 90 
91 92 93 94 95 96 97 98 89 99 

Move #22
1 2 3 4 5 6 7 8 9 10 
11 0 13 14 15 16 17 18 19 20 
21 12 22 24 25 26 27 28 29 30 
31 32 23 33 35 36 37 38 39 40 
41 42 43 34 44 46 47 48 49 50 
51 52 53 54 45 55 57 58 59 60 
61 62 63 64 65 56 66 68 69 70 
71 72 73 74 75 76 67 77 79 80 
81 82 83 84 85 86 87 78 88 90 
91 92 93 94 95 96 97 98 89 99 

Move #23
1 2 3 4 5 6 7 8 9 10 
11 12 13 14 15 16 17 18 19 20 
21 0 22 24 25 26 27 28 29 30 
31 32 23 33 35 36 37 38 39 40 
41 42 43 34 44 46 47 48 49 50 
51 52 53 54 45 55 57 58 59 60 
61 62 63 64 65 56 66 68 69 70 
71 72 73 74 75 76 67 77 79 80 
81 82 83 84 85 86 87 78 88 90 
91 92 93 94 95 96 97 98 89 99 

Move #24
1 2 3 4 5 6 7 8 9 10 
11 12 13 14 15 16 17 18 19 20 
21 22 0 24 25 26 27 28 29 30 
31 32 23 33 35 36 37 38 39 40 
41 42 43 34 44 46 47 48 49 50 
51 52 53 54 45 55 57 58 59 60 
61 62 63 64 65 56 66 68 69 70 
71 72 73 74 75 76 67 77 79 80 
81 82 83 84 85 86 87 78 88 90 
91 92 93 94 95 96 97 98 89 99 

Move #25
1 2 3 4 5 6 7 8 9 10 
11 12 13 14 15 16 17 18 19 20 
21 22 23 24 25 26 27 28 29 30 
31 32 0 33 35 36 37 38 39 40 
41 42 43 34 44 46 47 48 49 50 
51 52 53 54 45 55 57 58 59 60 
61 62 63 64 65 56 66 68 69 70 
71 72 73 74 75 76 67 77 79 80 
81 82 83 84 85 86 87 78 88 90 
91 92 93 94 95 96 97 98 89 99 

Move #26
1 2 3 4 5 6 7 8 9 10 
11 12 13 14 15 16 17 18 19 20 
21 22 23 24 25 26 27 28 29 30 
31 32 33 0 35 36 37 38 39 40 
41 42 43 34 44 46 47 48 49 50 
51 52 53 54 45 55 57 58 59 60 
61 62 63 64 65 56 66 68 69 70 
71 72 73 74 75 76 67 77 79 80 
81 82 83 84 85 86 87 78 88 90 
91 92 93 94 95 96 97 98 89 99 

Move #27
1 2 3 4 5 6 7 8 9 10 
11 12 13 14 15 16 17 18 19 20 
21 22 23 24 25 26 27 28 29 30 
31 32 33 34 35 36 37 38 39 40 
41 42 43 0 44 46 47 48 49 50 
51 52 53 54 45 55 57 58 59 60 
61 62 63 64 65 56 66 68 69 70 
71 72 73 74 75 76 67 77 79 80 
81 82 83 84 85 86 87 78 88 90 
91 92 93 94 95 96 97 98 89 99 

Move #28
1 2 3 4 5 6 7 8 9 10 
11 12 13 14 15 16 17 18 19 20 
21 22 23 24 25 26 27 28 29 30 
31 32 33 34 35 36 37 38 39 40 
41 42 43 44 0 46 47 48 49 50 
51 52 53 54 45 55 57 58 59 60 
61 62 63 64 65 56 66 68 69 70 
71 72 73 74 75 76 67 77 79 80 
81 82 83 84 85 86 87 78 88 90 
91 92 93 94 95 96 97 98 89 99 

Move #29
1 2 3 4 5 6 7 8 9 10 
11 12 13 14 15 16 17 18 19 20 
21 22 23 24 25 26 27 28 29 30 
31 32 33 34 35 36 37 38 39 40 
41 42 43 44 45 46 47 48 49 50 
51 52 53 54 0 55 57 58 59 60 
61 62 63 64 65 56 66 68 69 70 
71 72 73 74 75 76 67 77 79 80 
81 82 83 84 85 86 87 78 88 90 
91 92 93 94 95 96 97 98 89 99 

Move #30
1 2 3 4 5 6 7 8 9 10 
11 12 13 14 15 16 17 18 19 20 
21 22 23 24 25 26 27 28 29 30 
31 32 33 34 35 36 37 38 39 40 
41 42 43 44 45 46 47 48 49 50 
51 52 53 54 55 0 57 58 59 60 
61 62 63 64 65 56 66 68 69 70 
71 72 73 74 75 76 67 77 79 80 
81 82 83 84 85 86 87 78 88 90 
91 92 93 94 95 96 97 98 89 99 

Move #31
1 2 3 4 5 6 7 8 9 10 
11 12 13 14 15 16 17 18 19 20 
21 22 23 24 25 26 27 28 29 30 
31 32 33 34 35 36 37 38 39 40 
41 42 43 44 45 46 47 48 49 50 
51 52 53 54 55 56 57 58 59 60 
61 62 63 64 65 0 66 68 69 70 
71 72 73 74 75 76 67 77 79 80 
81 82 83 84 85 86 87 78 88 90 
91 92 93 94 95 96 97 98 89 99 

Move #32
1 2 3 4 5 6 7 8 9 10 
11 12 13 14 15 16 17 18 19 20 
21 22 23 24 25 26 27 28 29 30 
31 32 33 34 35 36 37 38 39 40 
41 42 43 44 45 46 47 48 49 50 
51 52 53 54 55 56 57 58 59 60 
61 62 63 64 65 66 0 68 69 70 
71 72 73 74 75 76 67 77 79 80 
81 82 83 84 85 86 87 78 88 90 
91 92 93 94 95 96 97 98 89 99 

Move #33
1 2 3 4 5 6 7 8 9 10 
11 12 13 14 15 16 17 18 19 20 
21 22 23 24 25 26 27 28 29 30 
31 32 33 34 35 36 37 38 39 40 
41 42 43 44 45 46 47 48 49 50 
51 52 53 54 55 56 57 58 59 60 
61 62 63 64 65 66 67 68 69 70 
71 72 73 74 75 76 0 77 79 80 
81 82 83 84 85 86 87 78 88 90 
91 92 93 94 95 96 97 98 89 99 

Move #34
1 2 3 4 5 6 7 8 9 10 
11 12 13 14 15 16 17 18 19 20 
21 22 23 24 25 26 27 28 29 30 
31 32 33 34 35 36 37 38 39 40 
41 42 43 44 45 46 47 48 49 50 
51 52 53 54 55 56 57 58 59 60 
61 62 63 64 65 66 67 68 69 70 
71 72 73 74 75 76 77 0 79 80 
81 82 83 84 85 86 87 78 88 90 
91 92 93 94 95 96 97 98 89 99 

Move #35
1 2 3 4 5 6 7 8 9 10 
11 12 13 14 15 16 17 18 19 20 
21 22 23 24 25 26 27 28 29 30 
31 32 33 34 35 36 37 38 39 40 
41 42 43 44 45 46 47 48 49 50 
51 52 53 54 55 56 57 58 59 60 
61 62 63 64 65 66 67 68 69 70 
71 72 73 74 75 76 77 78 79 80 
81 82 83 84 85 86 87 0 88 90 
91 92 93 94 95 96 97 98 89 99 

Move #36
1 2 3 4 5 6 7 8 9 10 
11 12 13 14 15 16 17 18 19 20 
21 22 23 24 25 26 27 28 29 30 
31 32 33 34 35 36 37 38 39 40 
41 42 43 44 45 46 47 48 49 50 
51 52 53 54 55 56 57 58 59 60 
61 62 63 64 65 66 67 68 69 70 
71 72 73 74 75 76 77 78 79 80 
81 82 83 84 85 86 87 88 0 90 
91 92 93 94 95 96 97 98 89 99 

Move #37
1 2 3 4 5 6 7 8 9 10 
11 12 13 14 15 16 17 18 19 20 
21 22 23 24 25 26 27 28 29 30 
31 32 33 34 35 36 37 38 39 40 
41 42 43 44 45 46 47 48 49 50 
51 52 53 54 55 56 57 58 59 60 
61 62 63 64 65 66 67 68 69 70 
71 72 73 74 75 76 77 78 79 80 
81 82 83 84 85 86 87 88 89 90 
91 92 93 94 95 96 97 98 0 99 

Total number of moves: 37
Solving time: 3 ms      /      0.003 Sec
2 23 24 25 26 27 28 29 30 
31 32 33 34 35 36 37 38 39 40 
41 42 43 44 45 46 47 48 49 50 
51 52 53 54 55 56 57 58 59 60 
61 62 63 64 65 66 67 68 69 70 
71 72 73 74 75 76 77 78 79 80 
81 82 83 84 85 86 87 88 89 90 
91 92 93 94 95 96 97 98 99 0 

Total number of moves: 38
Solving time: 4 ms      /      0.004 Sec
 22 24 25 26 27 28 29 30 
31 32 23 33 35 36 37 38 39 40 
41 42 43 34 44 46 47 48 49 50 
51 52 53 54 45 55 57 58 59 60 
61 62 63 64 65 56 66 68 69 70 
71 72 73 74 75 76 67 77 79 80 
81 82 83 84 85 86 87 78 88 90 
91 92 93 94 95 96 97 98 89 99 

Move #40
1 2 3 4 5 6 7 8 9 10 
0 11 13 14 15 16 17 18 19 20 
21 12 22 24 25 26 27 28 29 30 
31 32 23 33 35 36 37 38 39 40 
41 42 43 34 44 46 47 48 49 50 
51 52 53 54 45 55 57 58 59 60 
61 62 63 64 65 56 66 68 69 70 
71 72 73 74 75 76 67 77 79 80 
81 82 83 84 85 86 87 78 88 90 
91 92 93 94 95 96 97 98 89 99 

Move #41
1 2 3 4 5 6 7 8 9 10 
11 0 13 14 15 16 17 18 19 20 
21 12 22 24 25 26 27 28 29 30 
31 32 23 33 35 36 37 38 39 40 
41 42 43 34 44 46 47 48 49 50 
51 52 53 54 45 55 57 58 59 60 
61 62 63 64 65 56 66 68 69 70 
71 72 73 74 75 76 67 77 79 80 
81 82 83 84 85 86 87 78 88 90 
91 92 93 94 95 96 97 98 89 99 

Move #42
1 2 3 4 5 6 7 8 9 10 
11 12 13 14 15 16 17 18 19 20 
21 0 22 24 25 26 27 28 29 30 
31 32 23 33 35 36 37 38 39 40 
41 42 43 34 44 46 47 48 49 50 
51 52 53 54 45 55 57 58 59 60 
61 62 63 64 65 56 66 68 69 70 
71 72 73 74 75 76 67 77 79 80 
81 82 83 84 85 86 87 78 88 90 
91 92 93 94 95 96 97 98 89 99 

Move #43
1 2 3 4 5 6 7 8 9 10 
11 12 13 14 15 16 17 18 19 20 
21 22 0 24 25 26 27 28 29 30 
31 32 23 33 35 36 37 38 39 40 
41 42 43 34 44 46 47 48 49 50 
51 52 53 54 45 55 57 58 59 60 
61 62 63 64 65 56 66 68 69 70 
71 72 73 74 75 76 67 77 79 80 
81 82 83 84 85 86 87 78 88 90 
91 92 93 94 95 96 97 98 89 99 

Move #44
1 2 3 4 5 6 7 8 9 10 
11 12 13 14 15 16 17 18 19 20 
21 22 23 24 25 26 27 28 29 30 
31 32 0 33 35 36 37 38 39 40 
41 42 43 34 44 46 47 48 49 50 
51 52 53 54 45 55 57 58 59 60 
61 62 63 64 65 56 66 68 69 70 
71 72 73 74 75 76 67 77 79 80 
81 82 83 84 85 86 87 78 88 90 
91 92 93 94 95 96 97 98 89 99 

Move #45
1 2 3 4 5 6 7 8 9 10 
11 12 13 14 15 16 17 18 19 20 
21 22 23 24 25 26 27 28 29 30 
31 32 33 0 35 36 37 38 39 40 
41 42 43 34 44 46 47 48 49 50 
51 52 53 54 45 55 57 58 59 60 
61 62 63 64 65 56 66 68 69 70 
71 72 73 74 75 76 67 77 79 80 
81 82 83 84 85 86 87 78 88 90 
91 92 93 94 95 96 97 98 89 99 

Move #46
1 2 3 4 5 6 7 8 9 10 
11 12 13 14 15 16 17 18 19 20 
21 22 23 24 25 26 27 28 29 30 
31 32 33 34 35 36 37 38 39 40 
41 42 43 0 44 46 47 48 49 50 
51 52 53 54 45 55 57 58 59 60 
61 62 63 64 65 56 66 68 69 70 
71 72 73 74 75 76 67 77 79 80 
81 82 83 84 85 86 87 78 88 90 
91 92 93 94 95 96 97 98 89 99 

Move #47
1 2 3 4 5 6 7 8 9 10 
11 12 13 14 15 16 17 18 19 20 
21 22 23 24 25 26 27 28 29 30 
31 32 33 34 35 36 37 38 39 40 
41 42 43 44 0 46 47 48 49 50 
51 52 53 54 45 55 57 58 59 60 
61 62 63 64 65 56 66 68 69 70 
71 72 73 74 75 76 67 77 79 80 
81 82 83 84 85 86 87 78 88 90 
91 92 93 94 95 96 97 98 89 99 

Move #48
1 2 3 4 5 6 7 8 9 10 
11 12 13 14 15 16 17 18 19 20 
21 22 23 24 25 26 27 28 29 30 
31 32 33 34 35 36 37 38 39 40 
41 42 43 44 45 46 47 48 49 50 
51 52 53 54 0 55 57 58 59 60 
61 62 63 64 65 56 66 68 69 70 
71 72 73 74 75 76 67 77 79 80 
81 82 83 84 85 86 87 78 88 90 
91 92 93 94 95 96 97 98 89 99 

Move #49
1 2 3 4 5 6 7 8 9 10 
11 12 13 14 15 16 17 18 19 20 
21 22 23 24 25 26 27 28 29 30 
31 32 33 34 35 36 37 38 39 40 
41 42 43 44 45 46 47 48 49 50 
51 52 53 54 55 0 57 58 59 60 
61 62 63 64 65 56 66 68 69 70 
71 72 73 74 75 76 67 77 79 80 
81 82 83 84 85 86 87 78 88 90 
91 92 93 94 95 96 97 98 89 99 

Move #50
1 2 3 4 5 6 7 8 9 10 
11 12 13 14 15 16 17 18 19 20 
21 22 23 24 25 26 27 28 29 30 
31 32 33 34 35 36 37 38 39 40 
41 42 43 44 45 46 47 48 49 50 
51 52 53 54 55 56 57 58 59 60 
61 62 63 64 65 0 66 68 69 70 
71 72 73 74 75 76 67 77 79 80 
81 82 83 84 85 86 87 78 88 90 
91 92 93 94 95 96 97 98 89 99 

Move #51
1 2 3 4 5 6 7 8 9 10 
11 12 13 14 15 16 17 18 19 20 
21 22 23 24 25 26 27 28 29 30 
31 32 33 34 35 36 37 38 39 40 
41 42 43 44 45 46 47 48 49 50 
51 52 53 54 55 56 57 58 59 60 
61 62 63 64 65 66 0 68 69 70 
71 72 73 74 75 76 67 77 79 80 
81 82 83 84 85 86 87 78 88 90 
91 92 93 94 95 96 97 98 89 99 

Move #52
1 2 3 4 5 6 7 8 9 10 
11 12 13 14 15 16 17 18 19 20 
21 22 23 24 25 26 27 28 29 30 
31 32 33 34 35 36 37 38 39 40 
41 42 43 44 45 46 47 48 49 50 
51 52 53 54 55 56 57 58 59 60 
61 62 63 64 65 66 67 68 69 70 
71 72 73 74 75 76 0 77 79 80 
81 82 83 84 85 86 87 78 88 90 
91 92 93 94 95 96 97 98 89 99 

Move #53
1 2 3 4 5 6 7 8 9 10 
11 12 13 14 15 16 17 18 19 20 
21 22 23 24 25 26 27 28 29 30 
31 32 33 34 35 36 37 38 39 40 
41 42 43 44 45 46 47 48 49 50 
51 52 53 54 55 56 57 58 59 60 
61 62 63 64 65 66 67 68 69 70 
71 72 73 74 75 76 77 0 79 80 
81 82 83 84 85 86 87 78 88 90 
91 92 93 94 95 96 97 98 89 99 

Move #54
1 2 3 4 5 6 7 8 9 10 
11 12 13 14 15 16 17 18 19 20 
21 22 23 24 25 26 27 28 29 30 
31 32 33 34 35 36 37 38 39 40 
41 42 43 44 45 46 47 48 49 50 
51 52 53 54 55 56 57 58 59 60 
61 62 63 64 65 66 67 68 69 70 
71 72 73 74 75 76 77 78 79 80 
81 82 83 84 85 86 87 0 88 90 
91 92 93 94 95 96 97 98 89 99 

Move #55
1 2 3 4 5 6 7 8 9 10 
11 12 13 14 15 16 17 18 19 20 
21 22 23 24 25 26 27 28 29 30 
31 32 33 34 35 36 37 38 39 40 
41 42 43 44 45 46 47 48 49 50 
51 52 53 54 55 56 57 58 59 60 
61 62 63 64 65 66 67 68 69 70 
71 72 73 74 75 76 77 78 79 80 
81 82 83 84 85 86 87 88 0 90 
91 92 93 94 95 96 97 98 89 99 

Move #56
1 2 3 4 5 6 7 8 9 10 
11 12 13 14 15 16 17 18 19 20 
21 22 23 24 25 26 27 28 29 30 
31 32 33 34 35 36 37 38 39 40 
41 42 43 44 45 46 47 48 49 50 
51 52 53 54 55 56 57 58 59 60 
61 62 63 64 65 66 67 68 69 70 
71 72 73 74 75 76 77 78 79 80 
81 82 83 84 85 86 87 88 89 90 
91 92 93 94 95 96 97 98 0 99 

Move #57
1 2 3 4 5 6 7 8 9 10 
11 12 13 14 15 16 17 18 19 20 
21 22 23 24 25 26 27 28 29 30 
31 32 33 34 35 36 37 38 39 40 
41 42 43 44 45 46 47 48 49 50 
51 52 53 54 55 56 57 58 59 60 
61 62 63 64 65 66 67 68 69 70 
71 72 73 74 75 76 77 78 79 80 
81 82 83 84 85 86 87 88 89 90 
91 92 93 94 95 96 97 98 99 0 

Move #58
2 3 4 5 6 7 8 9 10 20 
1 11 13 14 15 16 17 28 18 30 
21 12 22 24 25 26 27 38 0 19 
31 32 23 33 35 36 37 39 40 29 
41 42 43 34 44 46 47 48 49 50 
51 52 53 54 45 55 57 58 59 60 
61 62 63 64 65 56 66 68 69 70 
71 72 73 74 75 76 67 77 79 80 
81 82 83 84 85 86 87 78 88 90 
91 92 93 94 95 96 97 98 89 99 

Move #59
2 3 4 5 6 7 8 9 10 20 
1 11 13 14 15 16 17 28 18 30 
21 12 22 24 25 26 27 38 19 0 
31 32 23 33 35 36 37 39 40 29 
41 42 43 34 44 46 47 48 49 50 
51 52 53 54 45 55 57 58 59 60 
61 62 63 64 65 56 66 68 69 70 
71 72 73 74 75 76 67 77 79 80 
81 82 83 84 85 86 87 78 88 90 
91 92 93 94 95 96 97 98 89 99 

Move #60
2 3 4 5 6 7 8 9 10 20 
1 11 13 14 15 16 17 28 18 30 
21 12 22 24 25 26 27 38 19 29 
31 32 23 33 35 36 37 39 40 0 
41 42 43 34 44 46 47 48 49 50 
51 52 53 54 45 55 57 58 59 60 
61 62 63 64 65 56 66 68 69 70 
71 72 73 74 75 76 67 77 79 80 
81 82 83 84 85 86 87 78 88 90 
91 92 93 94 95 96 97 98 89 99 

Move #61
2 3 4 5 6 7 8 9 10 20 
1 11 13 14 15 16 17 28 18 30 
21 12 22 24 25 26 27 38 19 29 
31 32 23 33 35 36 37 39 0 40 
41 42 43 34 44 46 47 48 49 50 
51 52 53 54 45 55 57 58 59 60 
61 62 63 64 65 56 66 68 69 70 
71 72 73 74 75 76 67 77 79 80 
81 82 83 84 85 86 87 78 88 90 
91 92 93 94 95 96 97 98 89 99 

Move #62
2 3 4 5 6 7 8 9 10 20 
1 11 13 14 15 16 17 28 18 30 
21 12 22 24 25 26 27 38 19 29 
31 32 23 33 35 36 37 0 39 40 
41 42 43 34 44 46 47 48 49 50 
51 52 53 54 45 55 57 58 59 60 
61 62 63 64 65 56 66 68 69 70 
71 72 73 74 75 76 67 77 79 80 
81 82 83 84 85 86 87 78 88 90 
91 92 93 94 95 96 97 98 89 99 

Move #63
2 3 4 5 6 7 8 9 10 20 
1 11 13 14 15 16 17 28 18 30 
21 12 22 24 25 26 27 0 19 29 
31 32 23 33 35 36 37 38 39 40 
41 42 43 34 44 46 47 48 49 50 
51 52 53 54 45 55 57 58 59 60 
61 62 63 64 65 56 66 68 69 70 
71 72 73 74 75 76 67 77 79 80 
81 82 83 84 85 86 87 78 88 90 
91 92 93 94 95 96 97 98 89 99 

Move #64
2 3 4 5 6 7 8 9 10 20 
1 11 13 14 15 16 17 0 18 30 
21 12 22 24 25 26 27 28 19 29 
31 32 23 33 35 36 37 38 39 40 
41 42 43 34 44 46 47 48 49 50 
51 52 53 54 45 55 57 58 59 60 
61 62 63 64 65 56 66 68 69 70 
71 72 73 74 75 76 67 77 79 80 
81 82 83 84 85 86 87 78 88 90 
91 92 93 94 95 96 97 98 89 99 

Move #65
2 3 4 5 6 7 8 9 10 20 
1 11 13 14 15 16 17 18 0 30 
21 12 22 24 25 26 27 28 19 29 
31 32 23 33 35 36 37 38 39 40 
41 42 43 34 44 46 47 48 49 50 
51 52 53 54 45 55 57 58 59 60 
61 62 63 64 65 56 66 68 69 70 
71 72 73 74 75 76 67 77 79 80 
81 82 83 84 85 86 87 78 88 90 
91 92 93 94 95 96 97 98 89 99 

Move #66
2 3 4 5 6 7 8 9 10 20 
1 11 13 14 15 16 17 18 19 30 
21 12 22 24 25 26 27 28 0 29 
31 32 23 33 35 36 37 38 39 40 
41 42 43 34 44 46 47 48 49 50 
51 52 53 54 45 55 57 58 59 60 
61 62 63 64 65 56 66 68 69 70 
71 72 73 74 75 76 67 77 79 80 
81 82 83 84 85 86 87 78 88 90 
91 92 93 94 95 96 97 98 89 99 

Move #67
2 3 4 5 6 7 8 9 10 20 
1 11 13 14 15 16 17 18 19 30 
21 12 22 24 25 26 27 28 29 0 
31 32 23 33 35 36 37 38 39 40 
41 42 43 34 44 46 47 48 49 50 
51 52 53 54 45 55 57 58 59 60 
61 62 63 64 65 56 66 68 69 70 
71 72 73 74 75 76 67 77 79 80 
81 82 83 84 85 86 87 78 88 90 
91 92 93 94 95 96 97 98 89 99 

Move #68
2 3 4 5 6 7 8 9 10 20 
1 11 13 14 15 16 17 18 19 0 
21 12 22 24 25 26 27 28 29 30 
31 32 23 33 35 36 37 38 39 40 
41 42 43 34 44 46 47 48 49 50 
51 52 53 54 45 55 57 58 59 60 
61 62 63 64 65 56 66 68 69 70 
71 72 73 74 75 76 67 77 79 80 
81 82 83 84 85 86 87 78 88 90 
91 92 93 94 95 96 97 98 89 99 

Move #69
2 3 4 5 6 7 8 9 10 0 
1 11 13 14 15 16 17 18 19 20 
21 12 22 24 25 26 27 28 29 30 
31 32 23 33 35 36 37 38 39 40 
41 42 43 34 44 46 47 48 49 50 
51 52 53 54 45 55 57 58 59 60 
61 62 63 64 65 56 66 68 69 70 
71 72 73 74 75 76 67 77 79 80 
81 82 83 84 85 86 87 78 88 90 
91 92 93 94 95 96 97 98 89 99 

Move #70
2 3 4 5 6 7 8 9 0 10 
1 11 13 14 15 16 17 18 19 20 
21 12 22 24 25 26 27 28 29 30 
31 32 23 33 35 36 37 38 39 40 
41 42 43 34 44 46 47 48 49 50 
51 52 53 54 45 55 57 58 59 60 
61 62 63 64 65 56 66 68 69 70 
71 72 73 74 75 76 67 77 79 80 
81 82 83 84 85 86 87 78 88 90 
91 92 93 94 95 96 97 98 89 99 

Move #71
2 3 4 5 6 7 8 0 9 10 
1 11 13 14 15 16 17 18 19 20 
21 12 22 24 25 26 27 28 29 30 
31 32 23 33 35 36 37 38 39 40 
41 42 43 34 44 46 47 48 49 50 
51 52 53 54 45 55 57 58 59 60 
61 62 63 64 65 56 66 68 69 70 
71 72 73 74 75 76 67 77 79 80 
81 82 83 84 85 86 87 78 88 90 
91 92 93 94 95 96 97 98 89 99 

Move #72
2 3 4 5 6 7 0 8 9 10 
1 11 13 14 15 16 17 18 19 20 
21 12 22 24 25 26 27 28 29 30 
31 32 23 33 35 36 37 38 39 40 
41 42 43 34 44 46 47 48 49 50 
51 52 53 54 45 55 57 58 59 60 
61 62 63 64 65 56 66 68 69 70 
71 72 73 74 75 76 67 77 79 80 
81 82 83 84 85 86 87 78 88 90 
91 92 93 94 95 96 97 98 89 99 

Move #73
2 3 4 5 6 0 7 8 9 10 
1 11 13 14 15 16 17 18 19 20 
21 12 22 24 25 26 27 28 29 30 
31 32 23 33 35 36 37 38 39 40 
41 42 43 34 44 46 47 48 49 50 
51 52 53 54 45 55 57 58 59 60 
61 62 63 64 65 56 66 68 69 70 
71 72 73 74 75 76 67 77 79 80 
81 82 83 84 85 86 87 78 88 90 
91 92 93 94 95 96 97 98 89 99 

Move #74
2 3 4 5 0 6 7 8 9 10 
1 11 13 14 15 16 17 18 19 20 
21 12 22 24 25 26 27 28 29 30 
31 32 23 33 35 36 37 38 39 40 
41 42 43 34 44 46 47 48 49 50 
51 52 53 54 45 55 57 58 59 60 
61 62 63 64 65 56 66 68 69 70 
71 72 73 74 75 76 67 77 79 80 
81 82 83 84 85 86 87 78 88 90 
91 92 93 94 95 96 97 98 89 99 

Move #75
2 3 4 0 5 6 7 8 9 10 
1 11 13 14 15 16 17 18 19 20 
21 12 22 24 25 26 27 28 29 30 
31 32 23 33 35 36 37 38 39 40 
41 42 43 34 44 46 47 48 49 50 
51 52 53 54 45 55 57 58 59 60 
61 62 63 64 65 56 66 68 69 70 
71 72 73 74 75 76 67 77 79 80 
81 82 83 84 85 86 87 78 88 90 
91 92 93 94 95 96 97 98 89 99 

Move #76
2 3 0 4 5 6 7 8 9 10 
1 11 13 14 15 16 17 18 19 20 
21 12 22 24 25 26 27 28 29 30 
31 32 23 33 35 36 37 38 39 40 
41 42 43 34 44 46 47 48 49 50 
51 52 53 54 45 55 57 58 59 60 
61 62 63 64 65 56 66 68 69 70 
71 72 73 74 75 76 67 77 79 80 
81 82 83 84 85 86 87 78 88 90 
91 92 93 94 95 96 97 98 89 99 

Move #77
2 0 3 4 5 6 7 8 9 10 
1 11 13 14 15 16 17 18 19 20 
21 12 22 24 25 26 27 28 29 30 
31 32 23 33 35 36 37 38 39 40 
41 42 43 34 44 46 47 48 49 50 
51 52 53 54 45 55 57 58 59 60 
61 62 63 64 65 56 66 68 69 70 
71 72 73 74 75 76 67 77 79 80 
81 82 83 84 85 86 87 78 88 90 
91 92 93 94 95 96 97 98 89 99 

Move #78
0 2 3 4 5 6 7 8 9 10 
1 11 13 14 15 16 17 18 19 20 
21 12 22 24 25 26 27 28 29 30 
31 32 23 33 35 36 37 38 39 40 
41 42 43 34 44 46 47 48 49 50 
51 52 53 54 45 55 57 58 59 60 
61 62 63 64 65 56 66 68 69 70 
71 72 73 74 75 76 67 77 79 80 
81 82 83 84 85 86 87 78 88 90 
91 92 93 94 95 96 97 98 89 99 

Move #79
1 2 3 4 5 6 7 8 9 10 
0 11 13 14 15 16 17 18 19 20 
21 12 22 24 25 26 27 28 29 30 
31 32 23 33 35 36 37 38 39 40 
41 42 43 34 44 46 47 48 49 50 
51 52 53 54 45 55 57 58 59 60 
61 62 63 64 65 56 66 68 69 70 
71 72 73 74 75 76 67 77 79 80 
81 82 83 84 85 86 87 78 88 90 
91 92 93 94 95 96 97 98 89 99 

Move #80
1 2 3 4 5 6 7 8 9 10 
11 0 13 14 15 16 17 18 19 20 
21 12 22 24 25 26 27 28 29 30 
31 32 23 33 35 36 37 38 39 40 
41 42 43 34 44 46 47 48 49 50 
51 52 53 54 45 55 57 58 59 60 
61 62 63 64 65 56 66 68 69 70 
71 72 73 74 75 76 67 77 79 80 
81 82 83 84 85 86 87 78 88 90 
91 92 93 94 95 96 97 98 89 99 

Move #81
1 2 3 4 5 6 7 8 9 10 
11 12 13 14 15 16 17 18 19 20 
21 0 22 24 25 26 27 28 29 30 
31 32 23 33 35 36 37 38 39 40 
41 42 43 34 44 46 47 48 49 50 
51 52 53 54 45 55 57 58 59 60 
61 62 63 64 65 56 66 68 69 70 
71 72 73 74 75 76 67 77 79 80 
81 82 83 84 85 86 87 78 88 90 
91 92 93 94 95 96 97 98 89 99 

Move #82
1 2 3 4 5 6 7 8 9 10 
11 12 13 14 15 16 17 18 19 20 
21 22 0 24 25 26 27 28 29 30 
31 32 23 33 35 36 37 38 39 40 
41 42 43 34 44 46 47 48 49 50 
51 52 53 54 45 55 57 58 59 60 
61 62 63 64 65 56 66 68 69 70 
71 72 73 74 75 76 67 77 79 80 
81 82 83 84 85 86 87 78 88 90 
91 92 93 94 95 96 97 98 89 99 

Move #83
1 2 3 4 5 6 7 8 9 10 
11 12 13 14 15 16 17 18 19 20 
21 22 23 24 25 26 27 28 29 30 
31 32 0 33 35 36 37 38 39 40 
41 42 43 34 44 46 47 48 49 50 
51 52 53 54 45 55 57 58 59 60 
61 62 63 64 65 56 66 68 69 70 
71 72 73 74 75 76 67 77 79 80 
81 82 83 84 85 86 87 78 88 90 
91 92 93 94 95 96 97 98 89 99 

Move #84
1 2 3 4 5 6 7 8 9 10 
11 12 13 14 15 16 17 18 19 20 
21 22 23 24 25 26 27 28 29 30 
31 32 33 0 35 36 37 38 39 40 
41 42 43 34 44 46 47 48 49 50 
51 52 53 54 45 55 57 58 59 60 
61 62 63 64 65 56 66 68 69 70 
71 72 73 74 75 76 67 77 79 80 
81 82 83 84 85 86 87 78 88 90 
91 92 93 94 95 96 97 98 89 99 

Move #85
1 2 3 4 5 6 7 8 9 10 
11 12 13 14 15 16 17 18 19 20 
21 22 23 24 25 26 27 28 29 30 
31 32 33 34 35 36 37 38 39 40 
41 42 43 0 44 46 47 48 49 50 
51 52 53 54 45 55 57 58 59 60 
61 62 63 64 65 56 66 68 69 70 
71 72 73 74 75 76 67 77 79 80 
81 82 83 84 85 86 87 78 88 90 
91 92 93 94 95 96 97 98 89 99 

Move #86
1 2 3 4 5 6 7 8 9 10 
11 12 13 14 15 16 17 18 19 20 
21 22 23 24 25 26 27 28 29 30 
31 32 33 34 35 36 37 38 39 40 
41 42 43 44 0 46 47 48 49 50 
51 52 53 54 45 55 57 58 59 60 
61 62 63 64 65 56 66 68 69 70 
71 72 73 74 75 76 67 77 79 80 
81 82 83 84 85 86 87 78 88 90 
91 92 93 94 95 96 97 98 89 99 

Move #87
1 2 3 4 5 6 7 8 9 10 
11 12 13 14 15 16 17 18 19 20 
21 22 23 24 25 26 27 28 29 30 
31 32 33 34 35 36 37 38 39 40 
41 42 43 44 45 46 47 48 49 50 
51 52 53 54 0 55 57 58 59 60 
61 62 63 64 65 56 66 68 69 70 
71 72 73 74 75 76 67 77 79 80 
81 82 83 84 85 86 87 78 88 90 
91 92 93 94 95 96 97 98 89 99 

Move #88
1 2 3 4 5 6 7 8 9 10 
11 12 13 14 15 16 17 18 19 20 
21 22 23 24 25 26 27 28 29 30 
31 32 33 34 35 36 37 38 39 40 
41 42 43 44 45 46 47 48 49 50 
51 52 53 54 55 0 57 58 59 60 
61 62 63 64 65 56 66 68 69 70 
71 72 73 74 75 76 67 77 79 80 
81 82 83 84 85 86 87 78 88 90 
91 92 93 94 95 96 97 98 89 99 

Move #89
1 2 3 4 5 6 7 8 9 10 
11 12 13 14 15 16 17 18 19 20 
21 22 23 24 25 26 27 28 29 30 
31 32 33 34 35 36 37 38 39 40 
41 42 43 44 45 46 47 48 49 50 
51 52 53 54 55 56 57 58 59 60 
61 62 63 64 65 0 66 68 69 70 
71 72 73 74 75 76 67 77 79 80 
81 82 83 84 85 86 87 78 88 90 
91 92 93 94 95 96 97 98 89 99 

Move #90
1 2 3 4 5 6 7 8 9 10 
11 12 13 14 15 16 17 18 19 20 
21 22 23 24 25 26 27 28 29 30 
31 32 33 34 35 36 37 38 39 40 
41 42 43 44 45 46 47 48 49 50 
51 52 53 54 55 56 57 58 59 60 
61 62 63 64 65 66 0 68 69 70 
71 72 73 74 75 76 67 77 79 80 
81 82 83 84 85 86 87 78 88 90 
91 92 93 94 95 96 97 98 89 99 

Move #91
1 2 3 4 5 6 7 8 9 10 
11 12 13 14 15 16 17 18 19 20 
21 22 23 24 25 26 27 28 29 30 
31 32 33 34 35 36 37 38 39 40 
41 42 43 44 45 46 47 48 49 50 
51 52 53 54 55 56 57 58 59 60 
61 62 63 64 65 66 67 68 69 70 
71 72 73 74 75 76 0 77 79 80 
81 82 83 84 85 86 87 78 88 90 
91 92 93 94 95 96 97 98 89 99 

Move #92
1 2 3 4 5 6 7 8 9 10 
11 12 13 14 15 16 17 18 19 20 
21 22 23 24 25 26 27 28 29 30 
31 32 33 34 35 36 37 38 39 40 
41 42 43 44 45 46 47 48 49 50 
51 52 53 54 55 56 57 58 59 60 
61 62 63 64 65 66 67 68 69 70 
71 72 73 74 75 76 77 0 79 80 
81 82 83 84 85 86 87 78 88 90 
91 92 93 94 95 96 97 98 89 99 

Move #93
1 2 3 4 5 6 7 8 9 10 
11 12 13 14 15 16 17 18 19 20 
21 22 23 24 25 26 27 28 29 30 
31 32 33 34 35 36 37 38 39 40 
41 42 43 44 45 46 47 48 49 50 
51 52 53 54 55 56 57 58 59 60 
61 62 63 64 65 66 67 68 69 70 
71 72 73 74 75 76 77 78 79 80 
81 82 83 84 85 86 87 0 88 90 
91 92 93 94 95 96 97 98 89 99 

Move #94
1 2 3 4 5 6 7 8 9 10 
11 12 13 14 15 16 17 18 19 20 
21 22 23 24 25 26 27 28 29 30 
31 32 33 34 35 36 37 38 39 40 
41 42 43 44 45 46 47 48 49 50 
51 52 53 54 55 56 57 58 59 60 
61 62 63 64 65 66 67 68 69 70 
71 72 73 74 75 76 77 78 79 80 
81 82 83 84 85 86 87 88 0 90 
91 92 93 94 95 96 97 98 89 99 

Move #95
1 2 3 4 5 6 7 8 9 10 
11 12 13 14 15 16 17 18 19 20 
21 22 23 24 25 26 27 28 29 30 
31 32 33 34 35 36 37 38 39 40 
41 42 43 44 45 46 47 48 49 50 
51 52 53 54 55 56 57 58 59 60 
61 62 63 64 65 66 67 68 69 70 
71 72 73 74 75 76 77 78 79 80 
81 82 83 84 85 86 87 88 89 90 
91 92 93 94 95 96 97 98 0 99 

Move #96
1 2 3 4 5 6 7 8 9 10 
11 12 13 14 15 16 17 18 19 20 
21 22 23 24 25 26 27 28 29 30 
31 32 33 34 35 36 37 38 39 40 
41 42 43 44 45 46 47 48 49 50 
51 52 53 54 55 56 57 58 59 60 
61 62 63 64 65 66 67 68 69 70 
71 72 73 74 75 76 77 78 79 80 
81 82 83 84 85 86 87 88 89 90 
91 92 93 94 95 96 97 98 99 0 

Move #97
2 3 4 5 6 7 8 9 10 20 
1 11 13 14 15 16 17 28 18 30 
21 12 22 24 25 26 27 38 0 19 
31 32 23 33 35 36 37 39 40 29 
41 42 43 34 44 46 47 48 49 50 
51 52 53 54 45 55 57 58 59 60 
61 62 63 64 65 56 66 68 69 70 
71 72 73 74 75 76 67 77 79 80 
81 82 83 84 85 86 87 78 88 90 
91 92 93 94 95 96 97 98 89 99 

Move #98
2 3 4 5 6 7 8 9 10 20 
1 11 13 14 15 16 17 28 18 30 
21 12 22 24 25 26 27 38 19 0 
31 32 23 33 35 36 37 39 40 29 
41 42 43 34 44 46 47 48 49 50 
51 52 53 54 45 55 57 58 59 60 
61 62 63 64 65 56 66 68 69 70 
71 72 73 74 75 76 67 77 79 80 
81 82 83 84 85 86 87 78 88 90 
91 92 93 94 95 96 97 98 89 99 

Move #99
2 3 4 5 6 7 8 9 10 20 
1 11 13 14 15 16 17 28 18 30 
21 12 22 24 25 26 27 38 19 29 
31 32 23 33 35 36 37 39 40 0 
41 42 43 34 44 46 47 48 49 50 
51 52 53 54 45 55 57 58 59 60 
61 62 63 64 65 56 66 68 69 70 
71 72 73 74 75 76 67 77 79 80 
81 82 83 84 85 86 87 78 88 90 
91 92 93 94 95 96 97 98 89 99 

Move #100
2 3 4 5 6 7 8 9 10 20 
1 11 13 14 15 16 17 28 18 30 
21 12 22 24 25 26 27 38 19 29 
31 32 23 33 35 36 37 39 0 40 
41 42 43 34 44 46 47 48 49 50 
51 52 53 54 45 55 57 58 59 60 
61 62 63 64 65 56 66 68 69 70 
71 72 73 74 75 76 67 77 79 80 
81 82 83 84 85 86 87 78 88 90 
91 92 93 94 95 96 97 98 89 99 

Move #101
2 3 4 5 6 7 8 9 10 20 
1 11 13 14 15 16 17 28 18 30 
21 12 22 24 25 26 27 38 19 29 
31 32 23 33 35 36 37 0 39 40 
41 42 43 34 44 46 47 48 49 50 
51 52 53 54 45 55 57 58 59 60 
61 62 63 64 65 56 66 68 69 70 
71 72 73 74 75 76 67 77 79 80 
81 82 83 84 85 86 87 78 88 90 
91 92 93 94 95 96 97 98 89 99 

Move #102
2 3 4 5 6 7 8 9 10 20 
1 11 13 14 15 16 17 28 18 30 
21 12 22 24 25 26 27 0 19 29 
31 32 23 33 35 36 37 38 39 40 
41 42 43 34 44 46 47 48 49 50 
51 52 53 54 45 55 57 58 59 60 
61 62 63 64 65 56 66 68 69 70 
71 72 73 74 75 76 67 77 79 80 
81 82 83 84 85 86 87 78 88 90 
91 92 93 94 95 96 97 98 89 99 

Move #103
2 3 4 5 6 7 8 9 10 20 
1 11 13 14 15 16 17 0 18 30 
21 12 22 24 25 26 27 28 19 29 
31 32 23 33 35 36 37 38 39 40 
41 42 43 34 44 46 47 48 49 50 
51 52 53 54 45 55 57 58 59 60 
61 62 63 64 65 56 66 68 69 70 
71 72 73 74 75 76 67 77 79 80 
81 82 83 84 85 86 87 78 88 90 
91 92 93 94 95 96 97 98 89 99 

Move #104
2 3 4 5 6 7 8 9 10 20 
1 11 13 14 15 16 17 18 0 30 
21 12 22 24 25 26 27 28 19 29 
31 32 23 33 35 36 37 38 39 40 
41 42 43 34 44 46 47 48 49 50 
51 52 53 54 45 55 57 58 59 60 
61 62 63 64 65 56 66 68 69 70 
71 72 73 74 75 76 67 77 79 80 
81 82 83 84 85 86 87 78 88 90 
91 92 93 94 95 96 97 98 89 99 

Move #105
2 3 4 5 6 7 8 9 10 20 
1 11 13 14 15 16 17 18 19 30 
21 12 22 24 25 26 27 28 0 29 
31 32 23 33 35 36 37 38 39 40 
41 42 43 34 44 46 47 48 49 50 
51 52 53 54 45 55 57 58 59 60 
61 62 63 64 65 56 66 68 69 70 
71 72 73 74 75 76 67 77 79 80 
81 82 83 84 85 86 87 78 88 90 
91 92 93 94 95 96 97 98 89 99 

Move #106
2 3 4 5 6 7 8 9 10 20 
1 11 13 14 15 16 17 18 19 30 
21 12 22 24 25 26 27 28 29 0 
31 32 23 33 35 36 37 38 39 40 
41 42 43 34 44 46 47 48 49 50 
51 52 53 54 45 55 57 58 59 60 
61 62 63 64 65 56 66 68 69 70 
71 72 73 74 75 76 67 77 79 80 
81 82 83 84 85 86 87 78 88 90 
91 92 93 94 95 96 97 98 89 99 

Move #107
2 3 4 5 6 7 8 9 10 20 
1 11 13 14 15 16 17 18 19 0 
21 12 22 24 25 26 27 28 29 30 
31 32 23 33 35 36 37 38 39 40 
41 42 43 34 44 46 47 48 49 50 
51 52 53 54 45 55 57 58 59 60 
61 62 63 64 65 56 66 68 69 70 
71 72 73 74 75 76 67 77 79 80 
81 82 83 84 85 86 87 78 88 90 
91 92 93 94 95 96 97 98 89 99 

Move #108
2 3 4 5 6 7 8 9 10 0 
1 11 13 14 15 16 17 18 19 20 
21 12 22 24 25 26 27 28 29 30 
31 32 23 33 35 36 37 38 39 40 
41 42 43 34 44 46 47 48 49 50 
51 52 53 54 45 55 57 58 59 60 
61 62 63 64 65 56 66 68 69 70 
71 72 73 74 75 76 67 77 79 80 
81 82 83 84 85 86 87 78 88 90 
91 92 93 94 95 96 97 98 89 99 

Move #109
2 3 4 5 6 7 8 9 0 10 
1 11 13 14 15 16 17 18 19 20 
21 12 22 24 25 26 27 28 29 30 
31 32 23 33 35 36 37 38 39 40 
41 42 43 34 44 46 47 48 49 50 
51 52 53 54 45 55 57 58 59 60 
61 62 63 64 65 56 66 68 69 70 
71 72 73 74 75 76 67 77 79 80 
81 82 83 84 85 86 87 78 88 90 
91 92 93 94 95 96 97 98 89 99 

Move #110
2 3 4 5 6 7 8 0 9 10 
1 11 13 14 15 16 17 18 19 20 
21 12 22 24 25 26 27 28 29 30 
31 32 23 33 35 36 37 38 39 40 
41 42 43 34 44 46 47 48 49 50 
51 52 53 54 45 55 57 58 59 60 
61 62 63 64 65 56 66 68 69 70 
71 72 73 74 75 76 67 77 79 80 
81 82 83 84 85 86 87 78 88 90 
91 92 93 94 95 96 97 98 89 99 

Move #111
2 3 4 5 6 7 0 8 9 10 
1 11 13 14 15 16 17 18 19 20 
21 12 22 24 25 26 27 28 29 30 
31 32 23 33 35 36 37 38 39 40 
41 42 43 34 44 46 47 48 49 50 
51 52 53 54 45 55 57 58 59 60 
61 62 63 64 65 56 66 68 69 70 
71 72 73 74 75 76 67 77 79 80 
81 82 83 84 85 86 87 78 88 90 
91 92 93 94 95 96 97 98 89 99 

Move #112
2 3 4 5 6 0 7 8 9 10 
1 11 13 14 15 16 17 18 19 20 
21 12 22 24 25 26 27 28 29 30 
31 32 23 33 35 36 37 38 39 40 
41 42 43 34 44 46 47 48 49 50 
51 52 53 54 45 55 57 58 59 60 
61 62 63 64 65 56 66 68 69 70 
71 72 73 74 75 76 67 77 79 80 
81 82 83 84 85 86 87 78 88 90 
91 92 93 94 95 96 97 98 89 99 

Move #113
2 3 4 5 0 6 7 8 9 10 
1 11 13 14 15 16 17 18 19 20 
21 12 22 24 25 26 27 28 29 30 
31 32 23 33 35 36 37 38 39 40 
41 42 43 34 44 46 47 48 49 50 
51 52 53 54 45 55 57 58 59 60 
61 62 63 64 65 56 66 68 69 70 
71 72 73 74 75 76 67 77 79 80 
81 82 83 84 85 86 87 78 88 90 
91 92 93 94 95 96 97 98 89 99 

Move #114
2 3 4 0 5 6 7 8 9 10 
1 11 13 14 15 16 17 18 19 20 
21 12 22 24 25 26 27 28 29 30 
31 32 23 33 35 36 37 38 39 40 
41 42 43 34 44 46 47 48 49 50 
51 52 53 54 45 55 57 58 59 60 
61 62 63 64 65 56 66 68 69 70 
71 72 73 74 75 76 67 77 79 80 
81 82 83 84 85 86 87 78 88 90 
91 92 93 94 95 96 97 98 89 99 

Move #115
2 3 0 4 5 6 7 8 9 10 
1 11 13 14 15 16 17 18 19 20 
21 12 22 24 25 26 27 28 29 30 
31 32 23 33 35 36 37 38 39 40 
41 42 43 34 44 46 47 48 49 50 
51 52 53 54 45 55 57 58 59 60 
61 62 63 64 65 56 66 68 69 70 
71 72 73 74 75 76 67 77 79 80 
81 82 83 84 85 86 87 78 88 90 
91 92 93 94 95 96 97 98 89 99 

Move #116
2 0 3 4 5 6 7 8 9 10 
1 11 13 14 15 16 17 18 19 20 
21 12 22 24 25 26 27 28 29 30 
31 32 23 33 35 36 37 38 39 40 
41 42 43 34 44 46 47 48 49 50 
51 52 53 54 45 55 57 58 59 60 
61 62 63 64 65 56 66 68 69 70 
71 72 73 74 75 76 67 77 79 80 
81 82 83 84 85 86 87 78 88 90 
91 92 93 94 95 96 97 98 89 99 

Move #117
0 2 3 4 5 6 7 8 9 10 
1 11 13 14 15 16 17 18 19 20 
21 12 22 24 25 26 27 28 29 30 
31 32 23 33 35 36 37 38 39 40 
41 42 43 34 44 46 47 48 49 50 
51 52 53 54 45 55 57 58 59 60 
61 62 63 64 65 56 66 68 69 70 
71 72 73 74 75 76 67 77 79 80 
81 82 83 84 85 86 87 78 88 90 
91 92 93 94 95 96 97 98 89 99 

Move #118
1 2 3 4 5 6 7 8 9 10 
0 11 13 14 15 16 17 18 19 20 
21 12 22 24 25 26 27 28 29 30 
31 32 23 33 35 36 37 38 39 40 
41 42 43 34 44 46 47 48 49 50 
51 52 53 54 45 55 57 58 59 60 
61 62 63 64 65 56 66 68 69 70 
71 72 73 74 75 76 67 77 79 80 
81 82 83 84 85 86 87 78 88 90 
91 92 93 94 95 96 97 98 89 99 

Move #119
1 2 3 4 5 6 7 8 9 10 
11 0 13 14 15 16 17 18 19 20 
21 12 22 24 25 26 27 28 29 30 
31 32 23 33 35 36 37 38 39 40 
41 42 43 34 44 46 47 48 49 50 
51 52 53 54 45 55 57 58 59 60 
61 62 63 64 65 56 66 68 69 70 
71 72 73 74 75 76 67 77 79 80 
81 82 83 84 85 86 87 78 88 90 
91 92 93 94 95 96 97 98 89 99 

Move #120
1 2 3 4 5 6 7 8 9 10 
11 12 13 14 15 16 17 18 19 20 
21 0 22 24 25 26 27 28 29 30 
31 32 23 33 35 36 37 38 39 40 
41 42 43 34 44 46 47 48 49 50 
51 52 53 54 45 55 57 58 59 60 
61 62 63 64 65 56 66 68 69 70 
71 72 73 74 75 76 67 77 79 80 
81 82 83 84 85 86 87 78 88 90 
91 92 93 94 95 96 97 98 89 99 

Move #121
1 2 3 4 5 6 7 8 9 10 
11 12 13 14 15 16 17 18 19 20 
21 22 0 24 25 26 27 28 29 30 
31 32 23 33 35 36 37 38 39 40 
41 42 43 34 44 46 47 48 49 50 
51 52 53 54 45 55 57 58 59 60 
61 62 63 64 65 56 66 68 69 70 
71 72 73 74 75 76 67 77 79 80 
81 82 83 84 85 86 87 78 88 90 
91 92 93 94 95 96 97 98 89 99 

Move #122
1 2 3 4 5 6 7 8 9 10 
11 12 13 14 15 16 17 18 19 20 
21 22 23 24 25 26 27 28 29 30 
31 32 0 33 35 36 37 38 39 40 
41 42 43 34 44 46 47 48 49 50 
51 52 53 54 45 55 57 58 59 60 
61 62 63 64 65 56 66 68 69 70 
71 72 73 74 75 76 67 77 79 80 
81 82 83 84 85 86 87 78 88 90 
91 92 93 94 95 96 97 98 89 99 

Move #123
1 2 3 4 5 6 7 8 9 10 
11 12 13 14 15 16 17 18 19 20 
21 22 23 24 25 26 27 28 29 30 
31 32 33 0 35 36 37 38 39 40 
41 42 43 34 44 46 47 48 49 50 
51 52 53 54 45 55 57 58 59 60 
61 62 63 64 65 56 66 68 69 70 
71 72 73 74 75 76 67 77 79 80 
81 82 83 84 85 86 87 78 88 90 
91 92 93 94 95 96 97 98 89 99 

Move #124
1 2 3 4 5 6 7 8 9 10 
11 12 13 14 15 16 17 18 19 20 
21 22 23 24 25 26 27 28 29 30 
31 32 33 34 35 36 37 38 39 40 
41 42 43 0 44 46 47 48 49 50 
51 52 53 54 45 55 57 58 59 60 
61 62 63 64 65 56 66 68 69 70 
71 72 73 74 75 76 67 77 79 80 
81 82 83 84 85 86 87 78 88 90 
91 92 93 94 95 96 97 98 89 99 

Move #125
1 2 3 4 5 6 7 8 9 10 
11 12 13 14 15 16 17 18 19 20 
21 22 23 24 25 26 27 28 29 30 
31 32 33 34 35 36 37 38 39 40 
41 42 43 44 0 46 47 48 49 50 
51 52 53 54 45 55 57 58 59 60 
61 62 63 64 65 56 66 68 69 70 
71 72 73 74 75 76 67 77 79 80 
81 82 83 84 85 86 87 78 88 90 
91 92 93 94 95 96 97 98 89 99 

Move #126
1 2 3 4 5 6 7 8 9 10 
11 12 13 14 15 16 17 18 19 20 
21 22 23 24 25 26 27 28 29 30 
31 32 33 34 35 36 37 38 39 40 
41 42 43 44 45 46 47 48 49 50 
51 52 53 54 0 55 57 58 59 60 
61 62 63 64 65 56 66 68 69 70 
71 72 73 74 75 76 67 77 79 80 
81 82 83 84 85 86 87 78 88 90 
91 92 93 94 95 96 97 98 89 99 

Move #127
1 2 3 4 5 6 7 8 9 10 
11 12 13 14 15 16 17 18 19 20 
21 22 23 24 25 26 27 28 29 30 
31 32 33 34 35 36 37 38 39 40 
41 42 43 44 45 46 47 48 49 50 
51 52 53 54 55 0 57 58 59 60 
61 62 63 64 65 56 66 68 69 70 
71 72 73 74 75 76 67 77 79 80 
81 82 83 84 85 86 87 78 88 90 
91 92 93 94 95 96 97 98 89 99 

Move #128
1 2 3 4 5 6 7 8 9 10 
11 12 13 14 15 16 17 18 19 20 
21 22 23 24 25 26 27 28 29 30 
31 32 33 34 35 36 37 38 39 40 
41 42 43 44 45 46 47 48 49 50 
51 52 53 54 55 56 57 58 59 60 
61 62 63 64 65 0 66 68 69 70 
71 72 73 74 75 76 67 77 79 80 
81 82 83 84 85 86 87 78 88 90 
91 92 93 94 95 96 97 98 89 99 

Move #129
1 2 3 4 5 6 7 8 9 10 
11 12 13 14 15 16 17 18 19 20 
21 22 23 24 25 26 27 28 29 30 
31 32 33 34 35 36 37 38 39 40 
41 42 43 44 45 46 47 48 49 50 
51 52 53 54 55 56 57 58 59 60 
61 62 63 64 65 66 0 68 69 70 
71 72 73 74 75 76 67 77 79 80 
81 82 83 84 85 86 87 78 88 90 
91 92 93 94 95 96 97 98 89 99 

Move #130
1 2 3 4 5 6 7 8 9 10 
11 12 13 14 15 16 17 18 19 20 
21 22 23 24 25 26 27 28 29 30 
31 32 33 34 35 36 37 38 39 40 
41 42 43 44 45 46 47 48 49 50 
51 52 53 54 55 56 57 58 59 60 
61 62 63 64 65 66 67 68 69 70 
71 72 73 74 75 76 0 77 79 80 
81 82 83 84 85 86 87 78 88 90 
91 92 93 94 95 96 97 98 89 99 

Move #131
1 2 3 4 5 6 7 8 9 10 
11 12 13 14 15 16 17 18 19 20 
21 22 23 24 25 26 27 28 29 30 
31 32 33 34 35 36 37 38 39 40 
41 42 43 44 45 46 47 48 49 50 
51 52 53 54 55 56 57 58 59 60 
61 62 63 64 65 66 67 68 69 70 
71 72 73 74 75 76 77 0 79 80 
81 82 83 84 85 86 87 78 88 90 
91 92 93 94 95 96 97 98 89 99 

Move #132
1 2 3 4 5 6 7 8 9 10 
11 12 13 14 15 16 17 18 19 20 
21 22 23 24 25 26 27 28 29 30 
31 32 33 34 35 36 37 38 39 40 
41 42 43 44 45 46 47 48 49 50 
51 52 53 54 55 56 57 58 59 60 
61 62 63 64 65 66 67 68 69 70 
71 72 73 74 75 76 77 78 79 80 
81 82 83 84 85 86 87 0 88 90 
91 92 93 94 95 96 97 98 89 99 

Move #133
1 2 3 4 5 6 7 8 9 10 
11 12 13 14 15 16 17 18 19 20 
21 22 23 24 25 26 27 28 29 30 
31 32 33 34 35 36 37 38 39 40 
41 42 43 44 45 46 47 48 49 50 
51 52 53 54 55 56 57 58 59 60 
61 62 63 64 65 66 67 68 69 70 
71 72 73 74 75 76 77 78 79 80 
81 82 83 84 85 86 87 88 0 90 
91 92 93 94 95 96 97 98 89 99 

Move #134
1 2 3 4 5 6 7 8 9 10 
11 12 13 14 15 16 17 18 19 20 
21 22 23 24 25 26 27 28 29 30 
31 32 33 34 35 36 37 38 39 40 
41 42 43 44 45 46 47 48 49 50 
51 52 53 54 55 56 57 58 59 60 
61 62 63 64 65 66 67 68 69 70 
71 72 73 74 75 76 77 78 79 80 
81 82 83 84 85 86 87 88 89 90 
91 92 93 94 95 96 97 98 0 99 

Move #135
1 2 3 4 5 6 7 8 9 10 
11 12 13 14 15 16 17 18 19 20 
21 22 23 24 25 26 27 28 29 30 
31 32 33 34 35 36 37 38 39 40 
41 42 43 44 45 46 47 48 49 50 
51 52 53 54 55 56 57 58 59 60 
61 62 63 64 65 66 67 68 69 70 
71 72 73 74 75 76 77 78 79 80 
81 82 83 84 85 86 87 88 89 90 
91 92 93 94 95 96 97 98 99 0 

Total number of moves: 135
Solving time: 0 ms      /      0 Sec
